8 0.11702666666666667 0.32915999999999995 0.022160000000000003 0.07792
8 0.12446666666666666 0.51874 0.011386666666666665 0.07492
8 0.8168666666666667 0.5414 0.02418666666666667 0.06844
8 0.11006666666666666 0.5165299999999999 0.0236 0.08342000000000001
8 0.14870666666666668 0.51677 0.03117333333333333 0.08821999999999999
8 0.8344133333333332 0.44984 0.03208 0.06396
8 0.9386533333333333 0.45605 0.07512 0.05846
8 0.14278666666666667 0.32862 0.02632 0.08336
8 0.8257599999999999 0.34764 0.02869333333333333 0.06552
8 0.8291866666666668 0.5429400000000001 0.0172 0.06228
8 0.9380799999999999 0.35944 0.017813333333333334 0.055600000000000004
8 0.8990133333333333 0.54527 0.015093333333333334 0.06445999999999999
8 0.49866666666666665 0.393 0.9973333333333333 0.386
