8 0.45655737704918037 0.8568359375 0.0302576112412178 0.11164062500000001
8 0.5786416861826699 0.8546640624999998 0.04740046838407494 0.099390625
8 0.6670843091334894 0.8491875 0.03697892271662763 0.10090625
8 0.6173536299765808 0.8530703125000001 0.03817330210772834 0.098328125
8 0.4810304449648712 0.8614375000000001 0.026510538641686184 0.10106250000000001
8 0.5211826697892271 0.8592578124999999 0.02288056206088993 0.091578125
8 0.3629976580796253 0.8610468749999999 0.03381733021077283 0.11850000000000001
8 0.4233957845433255 0.8576328125 0.021686182669789226 0.11070312499999999
8 0.33840749414519905 0.8629999999999999 0.035737704918032784 0.1318125
8 0.3875644028103044 0.8606015625 0.02992974238875878 0.111296875
8 0.43959016393442624 0.8591953125 0.026159250585480093 0.10735937499999999
8 0.5011943793911007 0.8568984374999999 0.03297423887587822 0.101546875
8 0.5390983606557377 0.8578671874999999 0.03791569086651054 0.098921875
8 0.5199063231850117 0.84921875 0.40749414519906324 0.1171875
