8 0.19400468384074943 0.642875 0.022107728337236534 0.0726875
8 0.1376463700234192 0.6414453124999999 0.023489461358313816 0.076796875
8 0.17531615925058547 0.6426875 0.011990632318501171 0.075
8 0.25337236533957846 0.6458828125 0.013395784543325526 0.063859375
8 0.18903981264637001 0.7319765625 0.3105854800936768 0.110359375
8 0.05193208430913349 0.6415703125000001 0.027939110070257612 0.07307812500000001
8 0.11053864168618267 0.46016406249999997 0.025339578454332552 0.095640625
8 0.13011709601873536 0.46830468750000004 0.022107728337236534 0.090171875
8 0.18097189695550353 0.461890625 0.01740046838407494 0.0955
8 0.35805620608899297 0.732703125 0.019344262295081967 0.0813125
8 0.1538407494145199 0.4623749999999999 0.03114754098360656 0.0975625
8 0.07441451990632318 0.64196875 0.018243559718969554 0.07153125
8 0.13740046838407494 0.8572734375 0.0322248243559719 0.08442187500000001
8 0.2259953161592506 0.4578125 0.4426229508196721 0.890625
