8 0.110546875 0.34308333333333335 0.00846875 0.058041666666666665
8 0.386765625 0.27584375 0.009 0.049479166666666664
8 0.3037578125 0.3961145833333334 0.005828125 0.04177083333333333
8 0.07465625000000001 0.33938541666666666 0.008624999999999999 0.04614583333333333
8 0.0804375 0.2764166666666667 0.0143125 0.05575
8 0.16496093750000002 0.3375520833333333 0.007796875 0.051354166666666666
8 0.1580703125 0.4015104166666667 0.008234374999999999 0.051895833333333335
8 0.36766406249999994 0.33869791666666665 0.007359375 0.05260416666666667
8 0.22864062500000001 0.40053125000000006 0.01196875 0.0404375
8 0.151640625 0.40206249999999993 0.009 0.049374999999999995
8 0.0487890625 0.2786458333333333 0.010203125 0.05241666666666667
8 0.054367187500000004 0.2799270833333333 0.007703125 0.050562499999999996
8 0.06528906250000001 0.27296875000000004 0.012984375000000001 0.06089583333333334
8 0.26640625 0.40208333333333335 0.4796875 0.32916666666666666
