8 0.50926 0.5232533333333333 0.27292 0.11087999999999999
8 0.50662 0.43686666666666674 0.27432 0.10797333333333334
8 0.46018000000000003 0.6034933333333333 0.35588 0.15301333333333333
8 0.50455 0.17967999999999998 0.2791 0.057813333333333335
8 0.51573 0.23258666666666666 0.26966 0.06517333333333333
8 0.2368 0.6449466666666667 0.13988 0.48541333333333336
8 0.46476999999999996 0.10984 0.2953 0.07605333333333333
8 0.51373 0.30044 0.27746 0.08968000000000001
8 0.5131899999999999 0.3616666666666667 0.2657 0.07709333333333333
8 0.45812 0.7055733333333334 0.33576 0.21066666666666667
8 0.31601 0.36404 0.1399 0.4943733333333333
8 0.15652000000000002 0.6296933333333333 0.08095999999999999 0.5091466666666666
8 0.24643 0.2961066666666667 0.12273999999999999 0.5194666666666667
