8 0.9235895404120446 0.9215546874999999 0.07992076069730586 0.15232812499999998
8 0.6580348652931854 0.9637734374999999 0.08713153724247226 0.072453125
8 0.7612678288431062 0.937078125 0.1002852614896989 0.103375
8 0.8099603803486529 0.9398828124999999 0.03909667194928685 0.120234375
8 0.8613549920760699 0.9319218750000001 0.06717908082408874 0.13615625
8 0.8256180665610143 0.9378281249999999 0.03884310618066561 0.12356249999999999
8 0.9922028526148968 0.910765625 0.015594294770206022 0.17846875
8 0.9731458003169571 0.9099062499999999 0.03656101426307449 0.15990625
8 0.574310618066561 0.975109375 0.10009508716323295 0.04978125
8 0.696838351822504 0.9616562499999999 0.0341838351822504 0.07668749999999999
