8 0.8622421875 0.5810747663551402 0.27551562500000004 0.6711682242990654
8 0.6874765625 0.6566705607476636 0.335171875 0.6866588785046729
8 0.603453125 0.755911214953271 0.29859375 0.4881775700934579
8 0.340390625 0.6764018691588785 0.22090625 0.6336915887850468
8 0.36221875 0.39977803738317763 0.145125 0.4694158878504673
8 0.78896875 0.699626168224299 0.28553125 0.5820093457943926
8 0.5188828125 0.5900934579439252 0.203328125 0.7950467289719626
8 0.26749999999999996 0.36067757009345797 0.32459375 0.658411214953271
8 0.12053906249999999 0.30287383177570093 0.13870312499999998 0.4776168224299065
8 0.064234375 0.43255841121495325 0.12534375 0.37642523364485986
8 0.37278125 0.5382827102803739 0.149125 0.7905373831775702
