8 0.361875 0.286578125 0.012541666666666666 0.050937500000000004
8 0.5861041666666666 0.28178125 0.02033333333333333 0.06103125
8 0.5357291666666666 0.289109375 0.019208333333333334 0.0495
8 0.5535416666666666 0.28497656250000003 0.014416666666666666 0.05582812499999999
8 0.47038541666666667 0.177015625 0.011479166666666667 0.04403125
8 0.37990625 0.28645312500000003 0.017604166666666664 0.05225
8 0.30716666666666664 0.3963125 0.015500000000000002 0.048593750000000005
8 0.4979583333333333 0.38649218750000003 0.016458333333333335 0.067265625
8 0.7123854166666667 0.29659375 0.06585416666666667 0.014468749999999999
8 0.616125 0.283390625 0.0115 0.057906250000000006
8 0.5093333333333333 0.2812734375 0.012666666666666666 0.062359374999999995
8 0.39110416666666664 0.2806640625 0.016208333333333335 0.064328125
8 0.7126770833333332 0.28523437500000004 0.0615625 0.0131875
8 0.4626354166666667 0.388859375 0.012145833333333333 0.06521875
8 0.29246875000000006 0.3962734375 0.0120625 0.049109375
8 0.70590625 0.38872656250000004 0.0648125 0.010796875000000001
8 0.32784375000000004 0.27489062499999994 0.01872916666666667 0.079625
8 0.446875 0.35234375 0.7520833333333333 0.4796875
