5 0.51378 0.30865333333333334 0.28232 0.21986666666666668
5 0.50735 0.41005333333333327 0.33426 0.19285333333333332
5 0.30460000000000004 0.46597333333333335 0.16436 0.21317333333333333
5 0.26050999999999996 0.3317866666666667 0.15441999999999997 0.11573333333333333
5 0.32105 0.26178666666666667 0.1539 0.14624
5 0.6318400000000001 0.25964 0.25392 0.06728
5 0.6335799999999999 0.19876 0.22888 0.07357333333333334
5 0.44824 0.47786666666666666 0.24024 0.20832
5 0.73248 0.38905333333333336 0.18791999999999998 0.14056
5 0.6849 0.32136000000000003 0.2306 0.07066666666666667
5 0.92327 0.2587066666666667 0.08481999999999999 0.11373333333333333
