6 0.34821875 0.936318359375 0.35031249999999997 0.10947265625
6 0.6833984375 0.802041015625 0.047734375 0.03423828125
6 0.7408515625000001 0.845634765625 0.258546875 0.08384765625
6 0.3201484375 0.87078125 0.318609375 0.0642578125
6 0.12 0.795068359375 0.1821875 0.05544921875
6 0.275328125 0.668837890625 0.11428125 0.02857421875
6 0.209390625 0.8256640625 0.28318750000000004 0.0819140625
6 0.6014921875 0.814384765625 0.11664062500000001 0.04990234375
6 0.969125 0.937431640625 0.06168749999999999 0.10845703125
6 0.78296875 0.639462890625 0.04825 0.04494140625
6 0.10095312500000002 0.74849609375 0.20134375000000002 0.06421875
6 0.26771875 0.742548828125 0.10684374999999999 0.05541015625
6 0.9340078125 0.824462890625 0.125171875 0.10876953125
