8 0.543265625 0.25843457943925235 0.0405625 0.3235981308411215
8 0.5124609375 0.21699766355140188 0.030046875 0.26292056074766357
8 0.5735781249999999 0.7123598130841121 0.030906250000000003 0.28186915887850467
8 0.551109375 0.9639485981308411 0.0849375 0.07205607476635514
8 0.557796875 0.689661214953271 0.0235 0.27619158878504674
8 0.48165625 0.5945210280373832 0.031093749999999996 0.3117523364485981
8 0.47150781249999996 0.15445093457943926 0.062359374999999995 0.3089018691588785
8 0.3198359375 0.1276752336448598 0.21607812499999998 0.25077102803738316
8 0.5646328125 0.3068691588785047 0.029421874999999997 0.28233644859813084
8 0.11519531250000001 0.9455373831775701 0.008578125 0.1089252336448598
8 0.5853750000000001 0.046156542056074765 0.04425 0.09231308411214953
8 0.059687500000000004 0.9488317757009345 0.01925 0.10233644859813083
8 0.4998984375 0.6134579439252337 0.017609375 0.30135514018691584
8 0.48203125 0.5677570093457944 0.9609375 0.8598130841121495
