8 0.6622265625 0.20335680751173707 0.018796874999999998 0.13464788732394367
8 0.6393515625 0.3985211267605634 0.046515625 0.16441314553990613
8 0.7007734375 0.181056338028169 0.028421875000000003 0.164037558685446
8 0.7109062500000001 0.3899295774647888 0.0770625 0.17788732394366197
8 0.7382187499999999 0.1750704225352113 0.02753125 0.17164319248826293
8 0.6663984375 0.3940140845070423 0.064265625 0.16896713615023476
8 0.6027812499999999 0.21839201877934272 0.02040625 0.15241784037558687
8 0.6168750000000001 0.42183098591549295 0.01525 0.12854460093896714
8 0.6794140625 0.20578638497652585 0.013796875 0.1321361502347418
8 0.6479375 0.22161971830985916 0.0100625 0.11051643192488263
