8 0.17546875 0.23796874999999998 0.07418749999999999 0.4732708333333333
8 0.213203125 0.23820833333333333 0.05225 0.4674166666666667
8 0.4845546875 0.07640625 0.058984375 0.1438125
8 0.12606250000000002 0.9053229166666666 0.06543750000000001 0.18935416666666666
8 0.784734375 0.8870208333333333 0.06909375 0.21275000000000002
8 0.1456015625 0.24322916666666666 0.060953125 0.47854166666666664
8 0.24269531249999998 0.23932291666666666 0.047203125 0.4786458333333333
8 0.1171328125 0.24157291666666666 0.079203125 0.4696458333333334
8 0.326125 0.20786458333333332 0.05225 0.41122916666666665
8 0.40579687499999995 0.06591666666666667 0.04409375 0.13183333333333333
8 0.6335468750000001 0.17842708333333332 0.05696875 0.34427083333333336
8 0.70196875 0.2494375 0.0960625 0.498875
8 0.276625 0.23636458333333332 0.058437499999999996 0.46752083333333333
8 0.49921875 0.2947916666666667 0.9984375 0.5895833333333333
