8 0.4168046875 0.2816393442622951 0.047984375 0.2988758782201405
8 0.5062343749999999 0.4202693208430913 0.08875 0.42451990632318504
8 0.560125 0.34860655737704915 0.047281250000000004 0.3394613583138173
8 0.63009375 0.428688524590164 0.10796874999999999 0.4302576112412178
8 0.7079765625000001 0.427423887587822 0.063265625 0.43110070257611244
8 0.7607890625 0.43211943793911006 0.051203125 0.42508196721311475
8 0.8768125 0.3885128805620609 0.073625 0.5112646370023419
8 0.9333203124999999 0.4031615925058548 0.041890625 0.5327868852459017
8 0.973734375 0.5687002341920374 0.05109375000000001 0.7004449648711943
8 0.79378125 0.907903981264637 0.32284375 0.033747072599531615
8 0.7885546875 0.3917915690866511 0.11085937500000001 0.5040983606557377
8 0.4662812499999999 0.41911007025761127 0.04496875 0.3078688524590164
8 0.34071875 0.3053747072599532 0.0305625 0.19997658079625294
