3 0.6019375 0.13139150943396224 0.0123125 0.06108490566037735
3 0.5894765625 0.13334905660377358 0.009015625 0.05075471698113208
3 0.6148046875000001 0.12576650943396228 0.011453125 0.04733490566037736
3 0.5733359375 0.1379009433962264 0.013703125 0.05712264150943396
3 0.6457109375 0.11471698113207547 0.017390625 0.04919811320754717
3 0.503265625 0.1721816037735849 0.0114375 0.05058962264150943
3 0.49762500000000004 0.4049174528301887 0.007593750000000001 0.05620283018867924
3 0.5293593750000001 0.16912735849056607 0.013500000000000002 0.033962264150943396
3 0.6299453125000001 0.10719339622641508 0.016734375000000003 0.06660377358490566
3 0.52709375 0.3901061320754717 0.00425 0.024221698113207547
3 0.504578125 0.39687500000000003 0.00815625 0.030683962264150943
3 0.4746484375000001 0.18099056603773583 0.012671874999999999 0.04820754716981132
3 0.5828125 0.14268867924528303 0.01875 0.06367924528301887
