8 0.5213490566037736 0.57075 0.16043396226415094 0.1084375
8 0.39428301886792455 0.58375 0.1390188679245283 0.1316875
8 0.41697169811320756 0.6796640625 0.11469811320754716 0.027078124999999998
8 0.5288207547169811 0.642296875 0.11609433962264151 0.03290625
8 0.5295566037735848 0.6625781249999999 0.11496226415094339 0.033687499999999995
8 0.40512264150943395 0.6528671875 0.11779245283018867 0.036140624999999996
8 0.40670754716981133 0.838515625 0.29983018867924527 0.23465625
8 0.1775188679245283 0.17482031250000002 0.1420943396226415 0.033984375
8 0.5237169811320754 0.6197734375 0.12539622641509432 0.036109375
8 0.46728301886792456 0.6832109375 0.27716981132075474 0.099015625
8 0.41197169811320755 0.668453125 0.12262264150943396 0.028499999999999998
