8 0.3609921875 0.8429107981220657 0.026359375 0.20075117370892018
8 0.39271093749999997 0.8566784037558686 0.027296874999999998 0.1569718309859155
8 0.37690625000000005 0.8499413145539907 0.030125000000000002 0.1817605633802817
8 0.31428124999999996 0.838568075117371 0.04434375 0.23582159624413143
8 0.34288281249999997 0.8425117370892019 0.037484375 0.21450704225352113
8 0.4301015625 0.8387089201877933 0.031265625000000005 0.16971830985915493
8 0.40668750000000004 0.8227582159624414 0.055218750000000004 0.20626760563380284
8 0.44289843749999996 0.8407981220657276 0.027921875000000002 0.14070422535211266
8 0.45585156250000003 0.8420657276995306 0.027203125 0.14985915492957746
8 0.47535156250000005 0.8361150234741784 0.040609374999999996 0.14772300469483568
