8 0.71689 0.4236036036036036 0.06286 0.15057057057057058
8 0.67937 0.7639489489489489 0.03294 0.22087087087087087
8 0.73988 0.7818618618618619 0.03048 0.21195195195195193
8 0.6761900000000001 0.43261261261261263 0.026940000000000002 0.13825825825825824
8 0.72974 0.7611111111111112 0.08 0.25297297297297294
8 0.9028400000000001 0.795045045045045 0.02316 0.2559159159159159
8 0.8643299999999999 0.793918918918919 0.02634 0.25102102102102103
8 0.6018 0.4397747747747748 0.0188 0.13282282282282282
8 0.94764 0.7973273273273273 0.06616 0.26684684684684684
8 0.95815 0.3934534534534535 0.01462 0.17555555555555555
8 0.59399 0.7570720720720722 0.03618 0.18645645645645648
8 0.61666 0.7597447447447447 0.02004 0.2035135135135135
8 0.7662899999999999 0.7850900900900901 0.02934 0.21582582582582585
8 0.764 0.575075075075075 0.468 0.8438438438438438
