8 0.34025 0.8890133333333333 0.04826 0.17034666666666667
8 0.35952000000000006 0.9038266666666667 0.02484 0.12754666666666667
8 0.36494 0.8892133333333333 0.03732 0.15229333333333334
8 0.37793 0.87964 0.04786 0.15218666666666666
8 0.39315999999999995 0.8847466666666668 0.0404 0.1472
8 0.40276999999999996 0.8824133333333333 0.04542 0.13917333333333332
8 0.47008 0.8496533333333334 0.0958 0.0464
8 0.46778000000000003 0.88148 0.10084 0.05160000000000001
8 0.4715 0.9058533333333333 0.11748 0.05325333333333333
8 0.37498000000000004 0.7351466666666667 0.11472 0.03418666666666667
8 0.44251 0.5269199999999999 0.13834 0.030853333333333333
8 0.36628 0.6871733333333333 0.099 0.050879999999999995
8 0.43743 0.51044 0.1261 0.0116
8 0.41808 0.39481333333333335 0.14576 0.027866666666666665
8 0.42 0.552 0.212 0.448
