8 0.5959453124999999 0.7753541666666667 0.196921875 0.23024999999999998
8 0.38089843749999996 0.77190625 0.269671875 0.2494375
8 0.56440625 0.8683645833333333 0.33790624999999996 0.26327083333333334
8 0.8150234375000001 0.5646666666666668 0.154109375 0.1753333333333333
8 0.8342734374999999 0.7382083333333334 0.165171875 0.1955
8 0.95759375 0.5508645833333333 0.0848125 0.42972916666666666
8 0.747921875 0.5819479166666667 0.1739375 0.17310416666666667
8 0.22888281250000003 0.7816041666666667 0.13739062500000002 0.13408333333333333
8 0.0854921875 0.7873125 0.169828125 0.26279166666666665
8 0.18792187500000002 0.5855416666666666 0.2106875 0.13258333333333333
8 0.3013203125 0.9494270833333334 0.118984375 0.09785416666666666
8 0.1724609375 0.9362083333333333 0.190859375 0.12758333333333333
8 0.2416953125 0.6364791666666666 0.17385937499999998 0.17270833333333335
8 0.49921875 0.66875 0.9984375 0.6583333333333333
