8 0.12875999999999999 0.37213 0.24392 0.20378
8 0.12012 0.04505 0.23421333333333333 0.0901
8 0.70964 0.03143 0.01656 0.05994
8 0.7116133333333334 0.17641 0.03896 0.14158
8 0.06888 0.5610499999999999 0.08432 0.12198
8 0.11833333333333333 0.19729000000000002 0.05245333333333334 0.13054
8 0.15277333333333334 0.1965 0.048639999999999996 0.14024
8 0.19052 0.19879000000000002 0.049786666666666674 0.13498
8 0.2266933333333333 0.19592 0.04944 0.13147999999999999
8 0.6959466666666667 0.03039 0.019253333333333334 0.0567
8 0.08337333333333334 0.19613999999999998 0.05810666666666667 0.13328
8 0.6428666666666667 0.02892 0.021626666666666666 0.05784
