8 0.23356250000000003 0.17875000000000002 0.028499999999999998 0.20308333333333334
8 0.5472890625 0.49491666666666667 0.014671875000000001 0.15845833333333334
8 0.3263671875 0.19288541666666667 0.044046875 0.20864583333333334
8 0.7448984375000001 0.7446979166666667 0.011859375 0.11035416666666667
8 0.9033515624999999 0.714125 0.011421875 0.1445
8 0.90759375 0.5319895833333333 0.01021875 0.13964583333333333
8 0.9244843750000001 0.1924375 0.15103125 0.19091666666666668
8 0.58490625 0.07135416666666666 0.024406249999999997 0.139875
8 0.20987499999999998 0.17885416666666665 0.0296875 0.18758333333333335
8 0.5273671875000001 0.4876875 0.026109375 0.17775
8 0.389328125 0.21460416666666668 0.0438125 0.191
8 0.359828125 0.20224999999999999 0.0455 0.20224999999999999
8 0.6429843749999999 0.9339583333333332 0.01715625 0.13108333333333333
8 0.5 0.49895833333333334 0.996875 0.9979166666666667
