8 0.47281249999999997 0.36712441314553995 0.00471875 0.04969483568075118
8 0.3485859375 0.37911971830985913 0.008046875 0.06363849765258216
8 0.3009609375 0.29995305164319247 0.045359375 0.06666666666666667
8 0.3281171875 0.4629460093896713 0.012140624999999999 0.07049295774647887
8 0.36442968750000004 0.48142018779342727 0.032515625 0.02124413145539906
8 0.382046875 0.4546478873239437 0.03571875 0.051079812206572775
8 0.43128124999999995 0.37 0.021281249999999998 0.013004694835680751
8 0.431734375 0.3819718309859155 0.02190625 0.013333333333333332
8 0.432015625 0.392781690140845 0.0231875 0.011619718309859155
8 0.45316406249999996 0.3712441314553991 0.004140625 0.04652582159624413
8 0.3299609375 0.37819248826291085 0.007078125 0.06483568075117371
8 0.33629687500000005 0.3792840375586855 0.0090625 0.06640845070422535
8 0.45961718749999997 0.36915492957746476 0.008828125000000001 0.053004694835680745
8 0.3864765625 0.4520774647887324 0.032015625 0.05237089201877934
8 0.466578125 0.36913145539906106 0.009093750000000001 0.04868544600938967
8 0.3426015625 0.3786737089201878 0.008765625 0.07053990610328639
8 0.40625 0.4107981220657277 0.2 0.1784037558685446
