8 0.6734533333333333 0.53462 0.04253333333333333 0.15412
8 0.61996 0.5961000000000001 0.036506666666666666 0.31007999999999997
8 0.7095466666666667 0.53751 0.03333333333333333 0.1425
8 0.7938666666666666 0.51255 0.0568 0.18586000000000003
8 0.8296266666666667 0.5534600000000001 0.04021333333333333 0.09912
8 0.6294133333333334 0.5229 0.06912 0.18192
8 0.6962266666666667 0.54089 0.023653333333333332 0.13097999999999999
8 0.7186266666666665 0.53322 0.04616 0.14556
8 0.6931466666666667 0.50854 0.20816 0.20408
8 0.53396 0.49388 0.012026666666666666 0.08148000000000001
8 0.6010133333333333 0.57058 0.03781333333333333 0.25627999999999995
8 0.5631333333333334 0.52105 0.04349333333333333 0.23078
8 0.5528000000000001 0.49185 0.02928 0.07206
8 0.9093333333333333 0.486 0.176 0.372
