8 0.4169221698113207 0.200578125 0.021863207547169812 0.06778125
8 0.6669811320754717 0.3504453125 0.1859433962264151 0.137203125
8 0.4858372641509434 0.1958359375 0.03408018867924528 0.065328125
8 0.36731132075471695 0.15732812499999999 0.056509433962264155 0.04775
8 0.341191037735849 0.3905234375 0.025070754716981135 0.077265625
8 0.32037735849056603 0.5645625 0.039198113207547174 0.0843125
8 0.6260377358490566 0.59259375 0.01679245283018868 0.0780625
8 0.315872641509434 0.3907890625 0.015047169811320754 0.073546875
8 0.2967570754716981 0.563328125 0.04063679245283019 0.09396875
8 0.6645165094339623 0.1323125 0.07356132075471698 0.00871875
8 0.6743278301886793 0.58665625 0.01474056603773585 0.094125
8 0.6612028301886793 0.135765625 0.0781132075471698 0.17996875
8 0.33353773584905666 0.5678281249999999 0.0335377358490566 0.08115625
8 0.41391509433962265 0.37734375 0.535377358490566 0.5421875
