6 0.8719976635514018 0.32003906249999997 0.08511682242990654 0.052390625
6 0.8441588785046727 0.27771874999999996 0.07897196261682242 0.052375000000000005
6 0.7611098130841122 0.55634375 0.08147196261682242 0.031125000000000003
6 0.6447079439252337 0.55653125 0.07633177570093458 0.029875000000000002
6 0.41578271028037384 0.556171875 0.06011682242990654 0.028000000000000004
6 0.20066588785046727 0.4176875 0.08254672897196261 0.056499999999999995
6 0.1297429906542056 0.40916406250000004 0.0786448598130841 0.035265625
6 0.8784929906542056 0.5553359375 0.08647196261682243 0.029359375
6 0.30058411214953273 0.554546875 0.07892523364485982 0.026750000000000003
6 0.08119158878504673 0.5547187499999999 0.0788785046728972 0.0295
6 0.07924065420560747 0.227390625 0.07483644859813085 0.071375
6 0.2227570093457944 0.5540390625 0.03985981308411215 0.024265625
6 0.6153271028037384 0.4374609374999999 0.0744859813084112 0.009609375
