6 0.639671875 0.26891666666666664 0.04096875 0.07304166666666667
6 0.6308046875 0.07269791666666665 0.026390625 0.06272916666666667
6 0.8495781249999999 0.032979166666666664 0.03103125 0.05091666666666667
6 0.7081484375 0.027677083333333335 0.034890624999999995 0.0539375
6 0.6579218750000001 0.22126041666666665 0.0288125 0.029145833333333333
6 0.6318203125 0.21845833333333334 0.023359374999999998 0.028916666666666667
6 0.8285625 0.14872916666666666 0.024625 0.058708333333333335
6 0.16066406249999998 0.30365625000000007 0.048453125 0.05385416666666667
6 0.8310703125 0.19770833333333332 0.025671875 0.02775
6 0.9935078125000001 0.21484375 0.012984375000000001 0.03252083333333333
6 0.6835234375 0.028427083333333332 0.025578125 0.0411875
6 0.080828125 0.38338541666666665 0.05090625 0.09472916666666667
6 0.15634375 0.3255104166666667 0.050031250000000006 0.07772916666666667
