8 0.5191015625 0.13863281249999998 0.013890625 0.053078125
8 0.45056250000000003 0.1187265625 0.029218749999999998 0.08089062500000001
8 0.5483203125 0.1288359375 0.013484375000000002 0.065171875
8 0.49567187500000004 0.1288203125 0.014000000000000002 0.073765625
8 0.519234375 0.2289453125 0.017343749999999998 0.061046875
8 0.4668046875 0.1285390625 0.010171875 0.06789062500000001
8 0.42407031249999994 0.126046875 0.034984375 0.06996875
8 0.48771875 0.22296875 0.01740625 0.07284375
8 0.5381640625 0.03436718749999999 0.042828125 0.006671874999999999
8 0.44174218750000005 0.051523437500000005 0.061078125000000004 0.019671875
8 0.47905468749999996 0.12249218749999999 0.018234375 0.08985937499999999
8 0.5060781249999999 0.12484375 0.013843749999999998 0.0718125
8 0.53821875 0.12321875 0.01640625 0.07906250000000001
8 0.50546875 0.1890625 0.2453125 0.35
