6 0.46763281249999994 0.6317334905660378 0.067984375 0.1152122641509434
6 0.5384140625 0.5867216981132076 0.040890625 0.09858490566037735
6 0.6165 0.6197995283018868 0.0695625 0.15087264150943397
6 0.571671875 0.6038915094339623 0.03721875 0.12556603773584907
6 0.7404843750000001 0.5943985849056604 0.0308125 0.1197877358490566
6 0.7089453125 0.5917688679245283 0.028234375 0.09679245283018868
6 0.6630312500000001 0.5449646226415095 0.028249999999999997 0.023183962264150943
6 0.18059375 0.7110377358490565 0.0316875 0.05966981132075472
6 0.65684375 0.6427948113207548 0.07840625 0.18837264150943397
6 0.5177031249999999 0.5827004716981132 0.025750000000000002 0.08610849056603773
