6 0.636234375 0.38977083333333334 0.03203125 0.15079166666666666
6 0.2923359375 0.226125 0.148734375 0.2848333333333333
6 0.26694531250000003 0.12604166666666666 0.105515625 0.18908333333333335
6 0.689890625 0.06461458333333334 0.0890625 0.1284375
6 0.2786171875 0.082875 0.042578125 0.16133333333333333
6 0.24788281250000002 0.07785416666666665 0.068953125 0.14125
6 0.8920937499999999 0.04810416666666666 0.06696875 0.09620833333333333
6 0.4660078125 0.40449999999999997 0.207296875 0.20224999999999999
6 0.9787578124999999 0.06536458333333334 0.042484375000000005 0.13072916666666667
6 0.6417578125000001 0.063125 0.096453125 0.12625
