8 0.7987734375000001 0.8331041666666668 0.11864062500000001 0.08116666666666666
8 0.841859375 0.648375 0.18178125 0.04783333333333333
8 0.8356953125000001 0.609625 0.17585937499999998 0.08499999999999999
8 0.8452265625000001 0.7089895833333333 0.170234375 0.07414583333333334
8 0.842578125 0.7497083333333332 0.1554375 0.030291666666666665
8 0.8401406249999999 0.6759999999999999 0.15715625 0.050583333333333334
8 0.9394921875 0.8728750000000001 0.119953125 0.04870833333333333
8 0.8114218750000001 0.8765208333333334 0.15040625000000002 0.06820833333333334
8 0.8008750000000001 0.8874270833333333 0.15353125 0.10235416666666668
8 0.9822031250000001 0.6905 0.03559375 0.049291666666666664
8 0.9343046875000001 0.8865 0.124046875 0.07216666666666667
8 0.9224296875 0.8319270833333333 0.155140625 0.1050625
8 0.8431875 0.7622187500000001 0.15362499999999998 0.025270833333333336
8 0.7359375 0.896875 0.490625 0.20208333333333334
