0 0.139546875 0.5878020833333333 0.04015625 0.13989583333333336
0 0.06693750000000001 0.5793854166666665 0.031875 0.1300625
0 0.21085156249999998 0.46927083333333336 0.025390625 0.04679166666666667
0 0.537625 0.41436458333333337 0.026187500000000002 0.11197916666666667
0 0.50509375 0.4180520833333334 0.0305 0.11164583333333335
0 0.26028906249999995 0.4869375 0.036953124999999996 0.07766666666666668
0 0.22691406250000004 0.49241666666666667 0.027109375 0.073
0 0.1151640625 0.583125 0.033140625 0.13816666666666666
0 0.64278125 0.4079479166666667 0.027468749999999997 0.10885416666666667
0 0.6290859375 0.6781354166666667 0.110453125 0.13956249999999998
0 0.1102734375 0.46753125000000006 0.024515625 0.09252083333333333
0 0.6427031249999999 0.4448229166666667 0.0091875 0.020645833333333332
0 0.35784375 0.46140624999999996 0.01553125 0.04027083333333333
0 0.346875 0.40729166666666666 0.64375 0.23125
