8 0.20415625 0.7108749999999999 0.30072916666666666 0.083875
8 0.26853124999999994 0.6345546875 0.14727083333333332 0.055234375
8 0.25525 0.672875 0.18945833333333334 0.0693125
8 0.08254166666666668 0.7919921875 0.13033333333333333 0.073140625
8 0.11505208333333333 0.656234375 0.12602083333333333 0.051312500000000004
8 0.13038541666666667 0.45716406249999997 0.12797916666666667 0.062296874999999995
8 0.21892708333333333 0.8358359375 0.15827083333333333 0.073046875
8 0.15130208333333334 0.5430937499999999 0.1003125 0.05809375
8 0.18497916666666667 0.7389609375 0.338 0.086203125
8 0.24275000000000002 0.7820390625 0.21958333333333335 0.060890625
