5 0.55955 0.59707 0.2337 0.22022
5 0.13463 0.63708 0.20338 0.1996
5 0.62746 0.81124 0.20464 0.21592
5 0.34494 0.90075 0.209 0.17978
5 0.20956 0.46405 0.19508 0.17598
5 0.80787 0.87191 0.2045 0.21574000000000002
5 0.19775 0.81123 0.19774 0.20674
5 0.22618000000000002 0.31727999999999995 0.18975999999999998 0.1702
5 0.70112 0.67528 0.59776 0.6269600000000001
5 0.91724 0.19843 0.15159999999999998 0.1653
5 0.26517 0.16854 0.52134 0.33708
5 0.32472 0.59101 0.18652000000000002 0.19326
5 0.05285 0.36541 0.1057 0.11558
5 0.5 0.499 0.996 0.998
