3 0.48209375000000004 0.5219895833333333 0.033 0.06927083333333334
3 0.8075546875 0.5012291666666666 0.056515625 0.10683333333333334
3 0.733265625 0.49096875 0.03590625 0.04002083333333333
3 0.6849609375 0.495125 0.047859374999999996 0.079
3 0.6281484374999999 0.49416666666666664 0.046859374999999995 0.07591666666666666
3 0.46484375 0.37361458333333336 0.01996875 0.0611875
3 0.5375156249999999 0.6446875 0.05903125 0.07770833333333332
3 0.53340625 0.7197499999999999 0.0674375 0.1404166666666667
3 0.481140625 0.6485520833333334 0.049093750000000005 0.12547916666666667
3 0.42303125 0.64740625 0.050875000000000004 0.12331249999999999
3 0.35590625 0.6815520833333333 0.05500000000000001 0.13147916666666667
3 0.3741484375 0.6390729166666667 0.052578124999999996 0.1023125
3 0.4138984375 0.49289583333333337 0.038296875 0.0805
3 0.59453125 0.6166666666666667 0.3640625 0.35833333333333334
