8 0.8801875000000001 0.7325411764705884 0.0350625 0.08607058823529411
8 0.8190078125000001 0.7345999999999999 0.032328125 0.0800235294117647
8 0.8385624999999999 0.7332823529411764 0.036375000000000005 0.0792235294117647
8 0.89975 0.7296823529411764 0.03696875 0.08444705882352942
8 0.8546249999999999 0.8348235294117647 0.0298125 0.07496470588235293
8 0.798875 0.7344352941176472 0.029343750000000002 0.07428235294117647
8 0.8607812499999999 0.7321411764705882 0.036375000000000005 0.07825882352941176
8 0.8355937499999999 0.8325058823529412 0.029625000000000002 0.07178823529411765
8 0.819375 0.8356588235294117 0.033 0.07630588235294118
8 0.7987890624999999 0.8349411764705882 0.030921874999999998 0.06856470588235294
