8 0.0393671875 0.29114485981308413 0.020828125 0.1542056074766355
8 0.019546875 0.3085747663551402 0.0193125 0.11897196261682243
8 0.177703125 0.1969626168224299 0.051531249999999994 0.02
8 0.056398437499999995 0.48142523364485984 0.017796875 0.12467289719626168
8 0.09075 0.49146028037383177 0.04659375 0.109696261682243
8 0.0620234375 0.28765186915887847 0.023640625000000002 0.1724532710280374
8 0.078859375 0.28705607476635514 0.0160625 0.17392523364485982
8 0.006617187500000001 0.3134813084112149 0.013234375000000001 0.11943925233644859
8 0.051078124999999995 0.29301401869158883 0.01628125 0.14490654205607478
8 0.073140625 0.03551401869158878 0.0096875 0.07102803738317756
8 0.021609375 0.02788551401869159 0.018625 0.05577102803738318
8 0.04134375 0.030385514018691585 0.00665625 0.05796728971962616
8 0.061187500000000006 0.030852803738317756 0.0096875 0.06170560747663551
8 0.125 0.28738317757009346 0.246875 0.5747663551401869
