8 0.20459375000000002 0.2996796875 0.0194375 0.093515625
8 0.16095833333333334 0.39020312500000004 0.018875 0.06453125
8 0.12289583333333333 0.38913281250000004 0.013583333333333333 0.052109375
8 0.22439583333333332 0.3994296875 0.11595833333333333 0.05632812499999999
8 0.18703124999999998 0.2963984375 0.03160416666666667 0.098953125
8 0.19168749999999998 0.22440625 0.13970833333333335 0.036625000000000005
8 0.23951041666666667 0.29943749999999997 0.025104166666666667 0.10325
8 0.14377083333333335 0.292375 0.06895833333333333 0.0935625
8 0.2213125 0.2988984375 0.019666666666666666 0.09864062500000001
8 0.13436458333333334 0.390984375 0.0163125 0.0846875
8 0.26157291666666665 0.30071875 0.023395833333333334 0.09709375
8 0.15080208333333334 0.3908671875 0.012687499999999999 0.053203125
