8 0.836120283018868 0.9280859375 0.12549528301886792 0.062921875
8 0.7050825471698114 0.80090625 0.09629716981132075 0.06253125000000001
8 0.7017806603773584 0.8546796875 0.10332547169811321 0.063453125
8 0.847688679245283 0.8744375000000002 0.12113207547169812 0.08106250000000001
8 0.6801533018867925 0.9555625000000001 0.09959905660377358 0.07728125
8 0.8598702830188679 0.8100624999999999 0.12233490566037736 0.05109375000000001
8 0.8559551886792454 0.8361328125 0.10634433962264152 0.023703125
8 0.6894575471698113 0.9050390625 0.11650943396226415 0.076890625
8 0.7295165094339623 0.7596328125 0.10431603773584905 0.040453125
8 0.7674646226415094 0.7161328124999999 0.14785377358490565 0.028953125000000003
8 0.8889150943396226 0.787203125 0.13330188679245283 0.09584375
8 0.7795518867924529 0.8671171875000001 0.03146226415094339 0.051796875
8 0.882747641509434 0.7484843750000001 0.1279009433962264 0.0763125
8 0.46226415094339623 0.63984375 0.9198113207547169 0.7171875
