5 0.8919609375 0.559824355971897 0.159046875 0.19983606557377048
5 0.5231015625000001 0.5582903981264636 0.014765625 0.024028103044496485
5 0.5005 0.5642271662763466 0.0166875 0.024988290398126462
5 0.44330468750000007 0.7685128805620608 0.023390625 0.03370023419203747
5 0.45787500000000003 0.7508665105386417 0.02396875 0.03494145199063232
5 0.45867968749999993 0.7112412177985948 0.020796875 0.03475409836065574
5 0.46665625000000005 0.7903512880562061 0.0208125 0.032833723653395784
5 0.43846875 0.7969437939110071 0.024781249999999998 0.03079625292740047
5 0.466953125 0.8178688524590164 0.02359375 0.02430913348946136
5 0.48693749999999997 0.778711943793911 0.0229375 0.02529274004683841
5 0.48186718749999996 0.7594730679156909 0.021578125 0.026533957845433255
5 0.4700390625 0.7229508196721312 0.022890625 0.05423887587822014
5 0.43832812499999996 0.7411475409836065 0.02078125 0.029882903981264638
5 0.60703125 0.6100702576112412 0.2609375 0.10070257611241218
