3 0.615390625 0.41115625 0.012531249999999999 0.05597916666666667
3 0.5903671875 0.4168854166666666 0.010734375 0.043604166666666666
3 0.5801796875 0.41352083333333334 0.011015625 0.057374999999999995
3 0.6043203125000001 0.41600000000000004 0.011265625 0.050499999999999996
3 0.692109375 0.6167604166666667 0.028625 0.06535416666666667
3 0.73134375 0.6269895833333333 0.0155 0.07614583333333333
3 0.632140625 0.3546458333333334 0.014687500000000001 0.035625000000000004
3 0.5919609375 0.2987083333333334 0.016390625 0.03158333333333333
3 0.639765625 0.29269791666666667 0.01528125 0.0328125
3 0.6569296875 0.2909375 0.016640625 0.035124999999999997
