8 0.8119400000000001 0.08204 0.03448 0.16333333333333333
8 0.88127 0.07996 0.033100000000000004 0.14749333333333334
8 0.77498 0.08664000000000001 0.04464 0.17258666666666667
8 0.7965800000000001 0.08653333333333332 0.038520000000000006 0.1706133333333333
8 0.8224600000000001 0.08274666666666666 0.02952 0.15488
8 0.85115 0.08177333333333334 0.06786 0.15853333333333333
8 0.93647 0.08753333333333334 0.02666 0.12050666666666666
8 0.95757 0.07362666666666666 0.047659999999999994 0.14570666666666668
8 0.89576 0.08748 0.02816 0.12914666666666666
8 0.9165599999999999 0.08008 0.0448 0.15584
