6 0.9555999999999999 0.12624000000000002 0.06312 0.10282666666666668
6 0.83163 0.7812533333333334 0.0501 0.09482666666666667
6 0.85112 0.7101066666666668 0.03372 0.06741333333333334
6 0.20466 0.14872 0.02404 0.04976
6 0.45791999999999994 0.916 0.08016 0.16298666666666667
6 0.04363 0.9096133333333334 0.08054 0.15885333333333335
6 0.52413 0.18810666666666667 0.04338 0.12538666666666667
6 0.8873300000000001 0.6917066666666666 0.02638 0.050453333333333336
6 0.44582 0.7830666666666668 0.06292 0.12261333333333332
6 0.38309999999999994 0.7626133333333334 0.056799999999999996 0.060533333333333335
