8 0.47436458333333337 0.44146875 0.03327083333333333 0.17875000000000002
8 0.9308958333333334 0.6590234375 0.13820833333333335 0.073359375
8 0.7955000000000001 0.4685390625 0.12883333333333333 0.168546875
8 0.5888958333333334 0.46547656249999997 0.037000000000000005 0.158109375
8 0.6056354166666668 0.465984375 0.03639583333333333 0.15675
8 0.6530208333333334 0.4723671875 0.03191666666666667 0.151984375
8 0.5037499999999999 0.444828125 0.036375000000000005 0.17871874999999998
8 0.5610729166666667 0.4494296875 0.029479166666666667 0.176046875
8 0.7011770833333333 0.475890625 0.0280625 0.15078125
8 0.6808958333333333 0.47522656249999995 0.03754166666666667 0.154046875
8 0.7206666666666666 0.4771640625 0.033666666666666664 0.148671875
8 0.6313645833333333 0.46997656250000003 0.034604166666666665 0.152890625
8 0.35369791666666667 0.474171875 0.0795625 0.18275
8 0.49895833333333334 0.66796875 0.9979166666666667 0.6609375
