8 0.2067421875 0.5606718749999999 0.377515625 0.21796875
8 0.321046875 0.33365625 0.021374999999999998 0.145
8 0.2397578125 0.341328125 0.044640625 0.152
8 0.7118437500000001 0.5131171875 0.01553125 0.11273437500000001
8 0.7223124999999999 0.447765625 0.15553125 0.0225
8 0.4767421875 0.8012265624999999 0.035265625 0.117921875
8 0.7875468750000001 0.5061328125 0.34840625 0.133421875
8 0.293859375 0.322515625 0.0270625 0.10965625000000001
8 0.6958359375 0.360375 0.167203125 0.02240625
8 0.6483125000000001 0.7662968749999999 0.02021875 0.19775
8 0.517484375 0.802359375 0.00428125 0.1004375
8 0.2566015625 0.7712734375 0.309234375 0.202640625
8 0.21697656250000003 0.35383593750000003 0.025109375 0.139359375
8 0.5515625 0.51171875 0.89375 0.8890625
