6 0.718125 0.8576173708920187 0.30790625 0.2647183098591549
6 0.4240390625 0.8514906103286385 0.205265625 0.297018779342723
6 0.7196562500000001 0.7304342723004694 0.08215625 0.03997652582159625
6 0.23053906250000003 0.8877347417840376 0.312828125 0.2245305164319249
6 0.252703125 0.80518779342723 0.13365625 0.06610328638497652
6 0.9067265624999999 0.7293427230046948 0.125796875 0.04647887323943662
6 0.5120078125 0.822018779342723 0.060140625 0.13924882629107982
6 0.5930781250000001 0.864037558685446 0.10321875 0.23145539906103285
6 0.05880468750000001 0.8818544600938968 0.11664062500000001 0.2347417840375587
6 0.9043750000000002 0.863474178403756 0.19125 0.27305164319248826
6 0.11778906250000001 0.8201408450704225 0.057140625 0.061643192488262916
6 0.6261875 0.7296361502347417 0.0804375 0.042511737089201876
