6 0.2826171875 0.7561826697892271 0.091453125 0.4876346604215457
6 0.34858593750000005 0.7556206088992974 0.070453125 0.462903981264637
6 0.40703125 0.7246252927400467 0.043187500000000004 0.35
6 0.5994609375000001 0.6868969555035129 0.025921875 0.2620374707259953
6 0.631953125 0.7288407494145199 0.046468749999999996 0.3707962529274005
6 0.6799296875 0.7625409836065574 0.05248437500000001 0.43819672131147547
6 0.7443984375 0.7572950819672132 0.079453125 0.45843091334894615
6 0.8583515625 0.7434426229508198 0.166421875 0.48988290398126466
6 0.961359375 0.5423185011709601 0.07728125 0.12997658079625293
6 0.1395078125 0.5646604215456675 0.210859375 0.1619672131147541
