8 0.6384018987341772 0.67121875 0.08370253164556962 0.14296875
8 0.49797468354430385 0.499609375 0.760506329113924 0.175375
8 0.8122626582278482 0.6767031250000001 0.11186708860759494 0.145625
8 0.3884493670886076 0.67478125 0.03012658227848101 0.13799999999999998
8 0.1842879746835443 0.221140625 0.07389240506329114 0.08996875
8 0.22498417721518987 0.22399999999999998 0.04389240506329114 0.08265625
8 0.42514240506329115 0.22599999999999998 0.040348101265822785 0.08740624999999999
8 0.7119145569620253 0.67465625 0.11674050632911392 0.14028125
8 0.37924050632911394 0.23278906250000003 0.040949367088607594 0.074484375
8 0.45409810126582273 0.22562500000000002 0.03686708860759494 0.0939375
8 0.18789556962025317 0.66915625 0.04477848101265823 0.13609374999999999
8 0.36704113924050635 0.350890625 0.049841772151898736 0.10925
8 0.398623417721519 0.3398671875 0.036170886075949364 0.09523437500000001
8 0.5427215189873418 0.46171875 0.9082278481012658 0.5828125
