5 0.33223437499999997 0.593231850117096 0.07284375 0.10173302107728337
5 0.2669921875 0.5572248243559719 0.065140625 0.10765807962529274
5 0.228875 0.5939929742388759 0.0686875 0.0959953161592506
5 0.12730468749999999 0.637751756440281 0.053078125 0.062014051522248245
5 0.3836953125 0.6794262295081968 0.073296875 0.08110070257611242
5 0.28325 0.6350702576112413 0.03 0.025175644028103045
5 0.329359375 0.6619203747072601 0.09343749999999999 0.0677751756440281
5 0.17821875 0.6186065573770493 0.043187500000000004 0.04128805620608899
5 0.4253828125 0.6323887587822015 0.073109375 0.15592505854800937
5 0.1432578125 0.596967213114754 0.053390625000000004 0.05042154566744731
5 0.18441406249999998 0.6485128805620609 0.054359375 0.05557377049180328
5 0.37485156249999996 0.5691569086651054 0.051609375 0.08557377049180327
5 0.37729687500000003 0.6250351288056207 0.0355 0.03531615925058548
