5 0.650079365079365 0.18315555555555557 0.1476825396825397 0.2
5 0.31567460317460316 0.2599222222222222 0.15706349206349207 0.19704444444444444
5 0.5914603174603175 0.4995222222222222 0.13006349206349205 0.1926
5 0.34088888888888885 0.5691777777777778 0.15565079365079365 0.1924
5 0.8402936507936508 0.6044888888888889 0.13322222222222224 0.21573333333333333
5 0.9029761904761905 0.8370222222222221 0.12353968253968253 0.24200000000000002
5 0.9788253968253969 0.7892666666666667 0.04234920634920635 0.17777777777777778
5 0.7106111111111111 0.6163555555555555 0.1488095238095238 0.18906666666666666
5 0.4747539682539683 0.3845222222222222 0.19814285714285715 0.25726666666666664
5 0.13265079365079366 0.45265555555555553 0.250984126984127 0.3632222222222222
5 0.3423015873015873 0.8058444444444445 0.24676190476190477 0.35324444444444447
5 0.8159920634920635 0.3007444444444445 0.19147619047619047 0.28700000000000003
5 0.9350873015873016 0.14504444444444448 0.11439682539682539 0.16773333333333335
