8 0.279125 0.6372187500000001 0.027625 0.43697916666666664
8 0.19598437500000002 0.649875 0.11365624999999999 0.40537500000000004
8 0.25926562499999994 0.6393541666666667 0.028749999999999998 0.42341666666666666
8 0.30691406250000003 0.9613020833333333 0.095890625 0.07739583333333333
8 0.3005234375 0.634625 0.038140625 0.43329166666666663
8 0.2883671875 0.16217708333333333 0.050609375 0.3218125
8 0.1610234375 0.9601666666666666 0.041796875 0.07966666666666668
8 0.1769609375 0.17303125000000003 0.111234375 0.34606250000000005
8 0.1965390625 0.6637291666666666 0.06782812499999999 0.373625
8 0.3438203125 0.6381979166666667 0.026953125 0.4584375
8 0.22078906250000002 0.17978125 0.064046875 0.3236041666666667
8 0.3255078125 0.15823958333333332 0.040234375 0.31647916666666664
8 0.192875 0.96125 0.030625000000000003 0.0775
