6 0.9405841121495327 0.4733359375 0.11883177570093457 0.052078124999999996
6 0.9702803738317758 0.2605234375 0.0594392523364486 0.076265625
6 0.27438084112149536 0.12264062500000002 0.11147196261682243 0.05834375000000001
6 0.1601285046728972 0.1254375 0.11754672897196262 0.062
6 0.8094158878504673 0.4725546875 0.14079439252336448 0.054640625
6 0.6677920560747663 0.471109375 0.1319392523364486 0.0543125
6 0.8863668224299066 0.26165625000000003 0.10922897196261683 0.08378125
6 0.0928621495327103 0.467890625 0.09544392523364487 0.042562499999999996
6 0.5323714953271028 0.3103515625 0.0794626168224299 0.040703125
6 0.9495327102803738 0.31799999999999995 0.09588785046728972 0.05103124999999999
6 0.4007009345794392 0.31009375 0.07107476635514019 0.039718750000000004
