8 0.02664 0.55876 0.014613333333333334 0.09952
8 0.03934666666666666 0.42705 0.03282666666666667 0.08002
8 0.1868 0.54737 0.014666666666666666 0.03338
8 0.16161333333333333 0.19497 0.010746666666666667 0.044539999999999996
8 0.19057333333333334 0.45365999999999995 0.05528 0.04464
8 0.03546666666666667 0.56402 0.01728 0.0768
8 0.00728 0.59201 0.01456 0.0755
8 0.0122 0.5631700000000001 0.0244 0.1159
8 0.04025333333333333 0.5543100000000001 0.024453333333333334 0.06342
8 0.04381333333333333 0.54365 0.0312 0.07238
8 0.037320000000000006 0.49567 0.02306666666666667 0.02214
8 0.22621333333333332 0.38049 0.010239999999999999 0.04574
8 0.03590666666666666 0.44247000000000003 0.012346666666666667 0.05974
8 0.18533333333333332 0.329 0.09333333333333334 0.214
