6 0.3089765625 0.25890330188679245 0.089140625 0.04139150943396227
6 0.652609375 0.25681603773584905 0.081625 0.04561320754716981
6 0.9709453124999999 0.2540566037735849 0.042640625 0.04070754716981132
6 0.44680468749999996 0.25494103773584903 0.024984375 0.037995283018867926
6 0.39378124999999997 0.2528066037735849 0.081875 0.05169811320754717
6 0.8337031250000001 0.2563797169811321 0.05425 0.03733490566037736
6 0.8949296875 0.2520754716981132 0.064796875 0.04400943396226415
6 0.4689609375 0.046061320754716986 0.08932812500000001 0.05617924528301887
6 0.9112578125 0.2564740566037736 0.071109375 0.038844339622641506
6 0.8331406249999999 0.23772405660377355 0.04659375 0.05870283018867924
6 0.8335625 0.18961084905660378 0.077875 0.04091981132075472
