8 0.21036470588235295 0.3359296875 0.29075294117647055 0.08351562500000001
8 0.2601764705882353 0.5037812500000001 0.040494117647058826 0.0770625
8 0.2758 0.15955468750000001 0.5380470588235294 0.11685937500000002
8 0.1440235294117647 0.5068671874999999 0.047152941176470585 0.077578125
8 0.24362352941176468 0.5109765625 0.019576470588235296 0.062828125
8 0.2570705882352941 0.430453125 0.014 0.05871875
8 0.24052941176470588 0.427546875 0.014564705882352941 0.0615625
8 0.1093529411764706 0.426546875 0.01889411764705882 0.06740625
8 0.22614117647058823 0.42253125 0.02371764705882353 0.0728125
8 0.19632941176470586 0.25225 0.027011764705882353 0.0705625
8 0.27656470588235293 0.25671875 0.088 0.07225000000000001
8 0.1254 0.23715625 0.12397647058823529 0.08615625
8 0.1680470588235294 0.42860156250000003 0.02004705882352941 0.059421875
8 0.21411764705882352 0.390625 0.31058823529411766 0.30625
