5 0.3703359375 0.1215028901734104 0.050421875000000005 0.09393063583815028
5 0.3378359375 0.09419075144508672 0.046578125 0.08433526011560694
5 0.47957031250000004 0.08 0.058515625 0.09884393063583816
5 0.4154140625 0.068121387283237 0.048484375 0.08907514450867052
5 0.378609375 0.05492774566473988 0.0401875 0.07066473988439306
5 0.5157968749999999 0.11416184971098266 0.037 0.05369942196531791
5 0.388 0.15445086705202313 0.025031249999999998 0.08861271676300578
5 0.43578906250000005 0.04390173410404625 0.013421875 0.02624277456647399
5 0.321390625 0.15390173410404626 0.055843750000000004 0.054277456647398845
5 0.3593984375 0.1707369942196532 0.028546875 0.05661849710982659
5 0.3723046875 0.1942052023121387 0.032734374999999996 0.032630057803468206
5 0.51365625 0.058164739884393066 0.054468749999999996 0.07372832369942196
5 0.45896875000000004 0.0559971098265896 0.03940625 0.078121387283237
5 0.415625 0.08670520231213873 0.271875 0.17341040462427745
