8 0.08587 0.7636825396825397 0.1411 0.22234920634920638
8 0.12532 0.5854603174603175 0.11576 0.16273015873015872
8 0.46155 0.8085714285714286 0.12638 0.18425396825396825
8 0.5816399999999999 0.7903333333333333 0.12323999999999999 0.1701904761904762
8 0.66935 0.4406349206349206 0.09526000000000001 0.22685714285714284
8 0.26534 0.811936507936508 0.12487999999999999 0.19593650793650794
8 0.7455700000000001 0.6186031746031746 0.1205 0.11568253968253968
8 0.8413399999999999 0.6194603174603175 0.13188 0.11542857142857142
8 0.6932200000000001 0.756904761904762 0.13352 0.1686031746031746
8 0.80346 0.7556507936507937 0.1456 0.1591111111111111
8 0.5173 0.4099523809523809 0.09712 0.24555555555555553
8 0.43252999999999997 0.5636349206349207 0.10726000000000001 0.15355555555555556
8 0.9121699999999999 0.7561587301587301 0.16025999999999999 0.1627936507936508
8 0.488 0.4777777777777778 0.74 0.6825396825396826
